100 2 1
5
0.3 0.5 3
0.78011 0.58499
0.017083 0.87131
0.64015 0.055501
0.75722 0.46705
0.50277 0.79658
0.22451 0.73081
0.19734 0.59318
0.76914 0.023316
0.1679 0.34884
0.085792 0.56948
0.69272 0.29597
0.9652 0.51668
0 0.68396
0.51668 0.15007
0.82209 0.03721
0.61868 0.33551
0.72972 0.096992
0.29271 0.17053
0.92899 0.90442
0.72242 0.36411
0.54753 0.21192
0.14052 0.766
0.37552 0.095763
0.68131 0.75781
0.44515 0.47251
0.4372 0.60588
0.624 0.13806
0.51764 0.17586
0.65718 0.65448
0.607 0.03529
0.81457 0.2429
0.52629 0.5479
0.91971 0.22023
0.32052 0.38076
0.087947 0.94221
0.30168 0.94545
0.11186 0.57317
0.83842 0.53862
0.043661 0.00023374
0.63267 1
0.55266 0.57969
0.82887 0.80676
0.19824 0.56778
0.86705 0.8956
0.35347 0.59128
0.76316 0.72069
0.29686 0.13901
0.89459 0.4296
0.3269 0.70516
0.16374 0.093417
0.39503 0.44118
0.090997 0.15735
0.83072 0.51112
0.14965 0.83508
0.38647 0.07835
0.95592 0.81539
1 0.57149
0.45986 0.59663
0.83582 0.19046
0.25153 0.43756
0.60327 0.292
0.9138 0.023797
0.53941 0.016662
0.59598 0.45519
0.03592 0.75808
0.35909 0.56336
0.07692 0.38461
0.30651 0.15929
0.33219 0.85504
0.78266 0.6067
0.036608 0.79737
0.43261 0.86568
0.31614 0.61097
0.64304 0.79565
0.34808 0.62403
0.039799 0.0067794
0.8905 0.76389
0.77189 0.16756
0.88865 0.46081
0.42042 0.5175
0.61161 0.48729
0.51797 0.86139
0.60374 0.16629
0.26255 0
0.30185 0.86594
0.021807 0.7558
0.30408 0.45892
0.24208 0.4176
0.56282 0.10599
0.57088 0.3364
0.479 0.083076
0.29364 0.72794
0.061303 0.064832
0.99105 0.19861
0.34133 0.58047
0.49925 0.28984
0.98928 0.66554
0.44407 0.81902
0.31954 0.34941
0.52441 0.081811
