1 -163754450 130
1 50 2 0.000000
1 50 2
1 50 146
1 50 148
1 50 151
1 50 167
0 0.780110 0 0.584990 
1 0.017083 1 0.871310 
2 0.640150 2 0.055501 
3 0.757220 3 0.467050 
4 0.502770 4 0.796580 
5 0.224510 5 0.730810 
6 0.197340 6 0.593180 
7 0.769140 7 0.023316 
8 0.167900 8 0.348840 
9 0.085792 9 0.569480 
10 0.692720 10 0.295970 
11 0.965200 11 0.516680 
12 0.000000 12 0.683960 
13 0.516680 13 0.150070 
14 0.822090 14 0.037210 
15 0.618680 15 0.335510 
16 0.729720 16 0.096992 
17 0.292710 17 0.170530 
18 0.928990 18 0.904420 
19 0.722420 19 0.364110 
20 0.547530 20 0.211920 
21 0.140520 21 0.766000 
22 0.375520 22 0.095763 
23 0.681310 23 0.757810 
24 0.445150 24 0.472510 
25 0.437200 25 0.605880 
26 0.624000 26 0.138060 
27 0.517640 27 0.175860 
28 0.657180 28 0.654480 
29 0.607000 29 0.035290 
30 0.814570 30 0.242900 
31 0.526290 31 0.547900 
32 0.919710 32 0.220230 
33 0.320520 33 0.380760 
34 0.087947 34 0.942210 
35 0.301680 35 0.945450 
36 0.111860 36 0.573170 
37 0.838420 37 0.538620 
38 0.043661 38 0.000234 
39 0.632670 39 1.000000 
40 0.552660 40 0.579690 
41 0.828870 41 0.806760 
42 0.198240 42 0.567780 
43 0.867050 43 0.895600 
44 0.353470 44 0.591280 
45 0.763160 45 0.720690 
46 0.296860 46 0.139010 
47 0.894590 47 0.429600 
48 0.326900 48 0.705160 
49 0.163740 49 0.093417 
0 1
0 50 1
0 50 2
0 50 123
Beginning computation for 100 points of dimension 2 on a 1 dimensional mesh of 2 processors...
0 50 130
0 50 146
0 50 148
0 50 151
0 50 167
0 0.395030 0 0.441180 
1 0.090997 1 0.157350 
2 0.830720 2 0.511120 
3 0.149650 3 0.835080 
4 0.386470 4 0.078350 
5 0.955920 5 0.815390 
6 1.000000 6 0.571490 
7 0.459860 7 0.596630 
8 0.835820 8 0.190460 
9 0.251530 9 0.437560 
10 0.603270 10 0.292000 
11 0.913800 11 0.023797 
12 0.539410 12 0.016662 
13 0.595980 13 0.455190 
14 0.035920 14 0.758080 
15 0.359090 15 0.563360 
16 0.076920 16 0.384610 
17 0.306510 17 0.159290 
18 0.332190 18 0.855040 
19 0.782660 19 0.606700 
20 0.036608 20 0.797370 
21 0.432610 21 0.865680 
22 0.316140 22 0.610970 
23 0.643040 23 0.795650 
24 0.348080 24 0.624030 
25 0.039799 25 0.006779 
26 0.890500 26 0.763890 
27 0.771890 27 0.167560 
28 0.888650 28 0.460810 
29 0.420420 29 0.517500 
30 0.611610 30 0.487290 
31 0.517970 31 0.861390 
32 0.603740 32 0.166290 
33 0.262550 33 0.000000 
34 0.301850 34 0.865940 
35 0.021807 35 0.755800 
36 0.304080 36 0.458920 
37 0.242080 37 0.417600 
38 0.562820 38 0.105990 
39 0.570880 39 0.336400 
40 0.479000 40 0.083076 
41 0.293640 41 0.727940 
42 0.061303 42 0.064832 
43 0.991050 43 0.198610 
44 0.341330 44 0.580470 
45 0.499250 45 0.289840 
46 0.989280 46 0.665540 
47 0.444070 47 0.819020 
48 0.319540 48 0.349410 
49 0.524410 49 0.081811 
--------------------------------------------------------------------------
mpirun noticed that process rank 1 with PID 32698 on node Rhea exited on signal 11 (Segmentation fault).
--------------------------------------------------------------------------
