Beginning computation for 100 points of dimension 2 on a 1 dimensional mesh of 1 processors...
0 1 0.814978
0 2 0.547675
0 3 0.120141
0 4 0.348838
0 5 0.574417
0 6 0.582828
0 7 0.561781
0 8 0.656177
0 9 0.694491
0 10 0.301943
0 11 0.197293
0 12 0.786363
0 13 0.508479
0 14 0.549386
0 15 0.297153
0 16 0.490593
0 17 0.639794
0 18 0.352421
0 19 0.228290
0 20 0.439630
0 21 0.664710
0 22 0.634851
0 23 0.199068
0 24 0.353341
0 25 0.343546
0 26 0.473410
0 27 0.486084
0 28 0.141211
0 29 0.576313
0 30 0.343821
0 31 0.256516
0 32 0.390561
0 33 0.502924
0 34 0.778907
0 35 0.599021
0 36 0.668355
0 37 0.074500
0 38 0.940371
0 39 0.440422
0 40 0.227512
0 41 0.227067
0 42 0.582124
0 43 0.322548
0 44 0.426686
0 45 0.136754
0 46 0.657593
0 47 0.193007
0 48 0.468871
0 49 0.788388
0 50 0.411057
0 51 0.811020
0 52 0.089544
0 53 0.678251
0 54 0.641589
0 55 0.289816
0 56 0.220304
0 57 0.320461
0 58 0.398444
0 59 0.548755
0 60 0.342221
0 61 0.576897
0 62 0.617198
0 63 0.225282
0 64 0.764054
0 65 0.421575
0 66 0.731183
0 67 0.636803
0 68 0.523029
0 69 0.021859
0 70 0.773240
0 71 0.446703
0 72 0.464697
0 73 0.251328
0 74 0.433790
0 75 0.939355
0 76 0.210217
0 77 0.417511
0 78 0.164929
0 79 0.365967
0 80 0.194776
0 81 0.380939
0 82 0.454330
0 83 0.781077
0 84 0.554676
0 85 0.777303
0 86 0.492441
0 87 0.563468
0 88 0.525981
0 89 0.324922
0 90 0.585308
0 91 0.507038
0 92 0.887270
0 93 0.440210
0 94 0.438803
0 95 0.407426
0 96 0.224144
0 97 0.409503
0 98 0.517323
0 99 0.564421
1 2 1.026527
1 4 0.491403
1 5 0.250532
1 6 0.331435
1 7 1.133439
1 8 0.543802
1 9 0.309552
1 10 0.887413
1 12 0.188127
1 13 0.877374
1 14 1.159206
1 16 1.052340
1 17 0.753036
1 18 0.912508
1 20 0.846268
1 21 0.162256
1 22 0.854371
1 24 0.585049
1 25 0.496942
1 26 0.951842
1 27 0.856859
1 29 1.023197
1 30 1.015325
1 32 1.112942
1 33 0.576813
1 34 0.100242
1 35 0.294096
1 36 0.312842
1 38 0.871482
1 39 0.628895
1 42 0.353480
1 43 0.850314
1 44 0.437691
1 46 0.783925
1 48 0.351557
1 49 0.791597
1 50 0.572587
1 51 0.717776
1 53 0.137429
1 54 0.874776
1 57 0.521057
1 58 1.064841
1 59 0.493056
1 60 0.824145
1 61 1.233848
1 62 1.001623
1 64 0.114786
1 65 0.460220
1 66 0.490365
1 67 0.768596
1 68 0.315527
1 70 0.076475
1 71 0.415565
1 72 0.396500
1 74 0.413166
1 75 0.864829
1 77 1.031987
1 79 0.536528
1 81 0.500985
1 82 0.917180
1 83 0.905227
1 84 0.284818
1 85 0.115607
1 86 0.502427
1 87 0.506435
1 88 0.939970
1 89 0.769948
1 90 0.913608
1 91 0.311510
1 92 0.807689
1 93 1.183696
1 94 0.435573
1 95 0.755376
1 97 0.430177
1 98 0.603208
1 99 0.938451
2 4 0.753705
2 6 0.696548
2 7 0.132945
2 8 0.555939
2 9 0.755968
2 10 0.246148
2 13 0.155525
2 14 0.182857
2 16 0.098713
2 17 0.365987
2 18 0.896712
2 20 0.181784
2 22 0.267675
2 24 0.460349
2 25 0.586605
2 26 0.084124
2 27 0.171741
2 29 0.038825
2 30 0.256009
2 32 0.324483
2 33 0.456023
2 36 0.739643
2 38 0.599044
2 39 0.944529
2 42 0.676546
2 43 0.870201
2 44 0.607655
2 46 0.353301
2 48 0.721237
2 49 0.477916
2 50 0.456982
2 51 0.558518
2 54 0.254707
2 57 0.570373
2 58 0.237699
2 59 0.544972
2 60 0.239357
2 61 0.275480
2 62 0.107968
2 65 0.580444
2 66 0.652335
2 67 0.349411
2 68 0.856798
2 71 0.836339
2 72 0.643062
2 74 0.639164
2 75 0.602325
2 77 0.172953
2 79 0.511590
2 81 0.815098
2 82 0.116619
2 83 0.381657
2 86 0.525062
2 87 0.538122
2 88 0.092353
2 89 0.289314
2 90 0.163492
2 91 0.756468
2 92 0.578922
2 93 0.378960
2 94 0.604058
2 95 0.273437
2 97 0.788295
2 98 0.434941
2 99 0.118693
4 6 0.366959
4 8 0.559115
4 9 0.474811
4 17 0.660351
4 18 0.439651
4 24 0.329153
4 25 0.201658
4 32 0.711350
4 33 0.454006
4 36 0.450247
4 38 0.919211
4 39 0.241358
4 42 0.380904
4 43 0.377498
4 44 0.253848
4 46 0.689055
4 48 0.198212
4 49 0.780628
4 50 0.371372
4 51 0.760376
4 57 0.204502
4 59 0.438197
4 65 0.273926
4 66 0.592509
4 67 0.666826
4 68 0.180319
4 71 0.098475
4 72 0.263214
4 74 0.231738
4 75 0.915493
4 79 0.290976
4 81 0.066569
4 83 0.832013
4 86 0.391781
4 87 0.459984
4 91 0.220106
4 92 0.854604
4 93 0.772001
4 94 0.269752
4 97 0.062843
4 98 0.483254
6 8 0.246107
6 9 0.114038
6 17 0.433276
6 18 0.795099
6 24 0.275628
6 32 0.812964
6 33 0.245552
6 36 0.087791
6 38 0.612538
6 42 0.025416
6 43 0.734826
6 46 0.464946
6 49 0.500891
6 50 0.249370
6 51 0.448616
6 59 0.164785
6 66 0.240837
6 67 0.447413
6 75 0.607194
6 83 0.596754
6 86 0.171520
6 87 0.181191
6 92 0.545580
6 93 0.886375
6 98 0.272684
17 18 0.971312
17 32 0.628967
17 38 0.301706
17 43 0.924983
17 46 0.031792
17 49 0.150265
17 51 0.202143
17 67 0.017798
17 75 0.301294
17 83 0.173177
17 92 0.254404
17 93 0.698904
18 32 0.684253
18 38 1.265449
18 43 0.062565
18 75 1.263495
18 93 0.708533
32 38 0.903250
32 75 0.905431
32 93 0.074544
38 75 0.007600
0 
1 
2 
4 
6 
17 
18 
32 
38 
9 
0.300000 
